Multiple size <= 100
TEST 1 ARG:86 27 48 4 60 70 75 35 54 5 45 98 94 93 46 44 88 31 1 32 0 42 43 95 99 19 79 9 52 21 96 71 23 20 73 55 76 25 28 90 66 59 29 22 67 12 62 83 3 87 6 10 63 11 2 56 50 17 49 68 14 37 72 77 36 39 47 80 57 18 85 82 64 78 53 61 69 81 97 92 65 8 26 16 15 33 38 34 24 41 40 30 51 58 7 13 89 91 84 74
TEST 2 ARG:71 1 43 78 24 4 8 77 7 80 11 9 50 6 86 28 72 41 95 40 98 0 37 85 96 5 82 3 90 57 76 26 29 51 68 48 59 2 66 32 38 22 88 65 55 34 30 23 33 25 52 83 64 46 18 75 12 44 81 53 31 54 45 35 84 13 49 74 60 16 91 21 14 63 99 89 92 79 17 62 19 20 15 42 70 61 10 39 87 93 73 97 94 36 56 27 47 58 67 69
TEST 3 ARG:15 48 17 37 63 2 84 28 25 87 82 7 13 56 3 83 23 94 81 46 22 5 14 80 75 10 34 9 62 79 85 21 51 30 27 11 4 98 69 55 86 60 39 64 61 6 47 26 78 92 68 20 38 74 43 41 33 72 52 93 12 73 29 58 16 32 95 35 99 88 97 44 49 66 24 1 54 91 36 40 53 50 96 42 65 76 71 31 67 8 59 70 45 19 18 89 57 77 0 90
TEST 4 ARG:57 99 16 69 35 27 41 26 87 85 67 76 8 64 49 79 71 62 38 0 37 75 3 10 63 14 90 89 13 34 59 17 51 74 88 47 98 96 52 61 60 68 24 93 65 73 55 4 82 40 15 44 20 9 11 72 80 6 92 97 77 54 81 78 1 46 33 12 18 84 25 45 5 91 66 19 94 43 36 48 42 83 30 53 70 28 21 86 39 7 32 56 58 29 2 50 31 95 23 22
TEST 5 ARG:35 83 30 64 61 29 13 48 24 39 53 78 67 44 26 81 43 6 58 63 90 16 56 93 45 74 96 20 22 82 60 95 89 33 10 72 14 50 36 40 1 47 23 51 59 79 2 80 87 70 18 42 62 86 21 77 73 28 3 54 41 88 92 76 49 55 9 38 66 97 7 91 27 52 32 4 25 17 31 84 8 65 37 75 0 69 11 99 71 15 46 19 85 94 57 12 98 68 5 34
TEST 6 ARG:67 82 11 73 30 85 38 15 53 70 9 22 65 63 59 84 57 43 89 49 33 20 40 54 79 62 97 88 37 72 23 31 21 35 86 95 48 32 27 45 10 74 78 52 96 80 19 90 56 64 47 29 14 41 99 6 16 39 71 68 4 61 34 87 51 36 81 1 55 93 26 44 18 8 3 83 92 2 94 25 98 42 13 0 24 75 60 7 66 28 76 5 12 58 17 69 77 46 50 91
TEST 7 ARG:55 9 20 49 62 10 13 44 36 94 28 34 70 92 12 97 54 37 67 51 80 76 11 65 57 21 88 90 86 46 22 72 98 91 89 74 87 39 59 73 63 52 23 14 48 3 38 15 27 18 29 66 7 82 42 8 45 50 53 58 69 17 96 4 78 40 64 43 0 85 25 83 26 1 31 24 56 30 32 95 2 41 61 75 35 19 47 60 71 81 84 16 5 33 68 99 79 93 6 77
TEST 8 ARG:44 53 28 49 16 54 78 66 88 81 72 37 9 79 46 48 21 10 31 36 82 59 85 71 98 45 52 94 51 27 32 4 99 65 8 19 91 40 0 62 84 64 15 55 34 20 39 3 29 33 41 23 77 75 13 61 42 69 95 38 70 7 6 2 35 25 86 11 96 30 22 89 1 73 57 74 47 67 50 68 80 14 92 76 43 93 5 58 26 24 83 56 17 12 97 90 87 60 18 63
TEST 9 ARG:50 5 0 99 18 64 32 78 58 92 17 80 53 38 49 73 21 61 33 27 24 51 3 35 16 97 45 59 93 11 41 63 56 6 88 85 84 62 26 52 82 91 28 15 25 77 36 48 34 94 4 12 98 79 65 31 42 90 67 8 96 72 68 76 13 19 14 29 60 70 7 9 89 39 55 44 1 37 47 69 71 74 23 75 66 95 2 86 87 22 10 40 57 83 54 81 43 30 20 46
TEST 10 ARG:60 6 30 8 28 50 68 99 29 52 91 61 19 93 89 1 40 46 9 54 95 32 25 26 73 45 36 13 2 10 78 98 82 81 31 86 62 41 35 21 70 94 51 83 12 97 66 27 24 63 71 77 37 39 75 5 90 17 20 18 72 14 69 58 3 38 15 7 59 55 53 65 57 80 0 49 64 22 74 33 23 67 76 56 42 48 44 79 11 43 87 88 92 96 34 4 47 85 16 84
Multiple size <= 500
TEST 1 ARG:149 137 113 -206 -231 227 25 84 -21 -202 -215 -38 -113 106 146 -135 -18 -207 -90 -179 199 -235 -129 120 -222 -34 -223 103 -218 102 9 82 11 238 95 -85 114 14 67 -89 -184 150 -157 132 -173 186 -29 233 202 -144 60 112 -2 -70 127 225 -164 -127 -225 56 -49 -84 -182 33 173 169 7 -128 248 168 18 -244 -209 44 247 -98 50 -10 152 166 115 -37 -100 -181 -166 91 -140 -112 200 -52 -6 19 99 -15 116 153 -54 71 158 126 -92 61 192 -58 35 155 -221 -9 -96 -147 40 -211 -168 230 -156 -27 -87 -228 -78 -131 64 220 -238 236 139 -118 -205 16 -50 -23 -83 -232 -65 171 -188 -203 -44 184 -119 -136 62 69 -93 46 -224 -3 -94 -153 -67 133 36 193 85 206 -170 -80 157 107 136 -91 174 -194 -248 74 -111 26 162 -97 143 -62 -141 -60 -176 228 205 -106 210 -214 -7 52 -120 -243 -213 86 201 159 22 131 -134 -73 182 189 53 -117 -155 179 -219 -53 141 -246 214 59 -133 66 78 -30 183 -17 39 -159 111 -77 -178 165 -158 121 -16 188 100 167 191 -45 -4 -234 170 87 70 41 -12 93 245 -230 92 51 72 242 -198 -82 -138 219 23 76 239 151 -192 -56 128 -59 -165 83 8 -245 144 38 209 -43 -61 224 -239 -72 97 -74 -187 161 -172 156 -132 196 6 29 -26 190 125 -190 -236 -161 203 -175 -195 -36 -103 -210 223 49 172 -86 -145 12 176 -143 79 118 -75 215 -212 -186 0 1 -40 244 98 -185 -193 104 -189 81 -169 -250 -51 -68 122 -220 28 124 117 222 -20 -229 94 65 -240 75 -122 -28 -63 -66 30 -183 204 208 42 -149 187 -14 154 -150 -81 -124 130 -24 145 241 80 32 90 -95 45 -64 -227 -174 -151 -167 4 -204 240 -25 101 -126 55 96 3 31 -142 -104 -102 -152 37 -247 -105 88 -109 -237 -114 -76 -208 21 109 -217 138 -42 249 34 231 -107 110 13 216 142 246 -171 -8 -130 -41 -242 -177 237 63 134 -121 207 -48 -160 27 -99 178 181 -115 148 160 226 24 135 185 -148 -46 229 68 -110 47 234 -88 232 -233 73 -19 -163 -57 -1 -154 140 -196 20 -31 -146 195 89 -39 218 -162 -197 -137 -55 -191 -125 -32 58 -116 -123 217 243 -180 -35 -108 164 119 163 108 -79 197 129 -139 213 -199 43 177 211 -69 -200 180 17 212 2 221 -226 -71 105 57 175 -33 -5 48 15 -201 -22 77 10 -47 147 -216 -241 -13 -249 123 235 54 198 194 -11 -101 5
TEST 1 ARG:149 137 113 -206 -231 227 25 84 -21 -202 -215 -38 -113 106 146 -135 -18 -207 -90 -179 199 -235 -129 120 -222 -34 -223 103 -218 102 9 82 11 238 95 -85 114 14 67 -89 -184 150 -157 132 -173 186 -29 233 202 -144 60 112 -2 -70 127 225 -164 -127 -225 56 -49 -84 -182 33 173 169 7 -128 248 168 18 -244 -209 44 247 -98 50 -10 152 166 115 -37 -100 -181 -166 91 -140 -112 200 -52 -6 19 99 -15 116 153 -54 71 158 126 -92 61 192 -58 35 155 -221 -9 -96 -147 40 -211 -168 230 -156 -27 -87 -228 -78 -131 64 220 -238 236 139 -118 -205 16 -50 -23 -83 -232 -65 171 -188 -203 -44 184 -119 -136 62 69 -93 46 -224 -3 -94 -153 -67 133 36 193 85 206 -170 -80 157 107 136 -91 174 -194 -248 74 -111 26 162 -97 143 -62 -141 -60 -176 228 205 -106 210 -214 -7 52 -120 -243 -213 86 201 159 22 131 -134 -73 182 189 53 -117 -155 179 -219 -53 141 -246 214 59 -133 66 78 -30 183 -17 39 -159 111 -77 -178 165 -158 121 -16 188 100 167 191 -45 -4 -234 170 87 70 41 -12 93 245 -230 92 51 72 242 -198 -82 -138 219 23 76 239 151 -192 -56 128 -59 -165 83 8 -245 144 38 209 -43 -61 224 -239 -72 97 -74 -187 161 -172 156 -132 196 6 29 -26 190 125 -190 -236 -161 203 -175 -195 -36 -103 -210 223 49 172 -86 -145 12 176 -143 79 118 -75 215 -212 -186 0 1 -40 244 98 -185 -193 104 -189 81 -169 -250 -51 -68 122 -220 28 124 117 222 -20 -229 94 65 -240 75 -122 -28 -63 -66 30 -183 204 208 42 -149 187 -14 154 -150 -81 -124 130 -24 145 241 80 32 90 -95 45 -64 -227 -174 -151 -167 4 -204 240 -25 101 -126 55 96 3 31 -142 -104 -102 -152 37 -247 -105 88 -109 -237 -114 -76 -208 21 109 -217 138 -42 249 34 231 -107 110 13 216 142 246 -171 -8 -130 -41 -242 -177 237 63 134 -121 207 -48 -160 27 -99 178 181 -115 148 160 226 24 135 185 -148 -46 229 68 -110 47 234 -88 232 -233 73 -19 -163 -57 -1 -154 140 -196 20 -31 -146 195 89 -39 218 -162 -197 -137 -55 -191 -125 -32 58 -116 -123 217 243 -180 -35 -108 164 119 163 108 -79 197 129 -139 213 -199 43 177 211 -69 -200 180 17 212 2 221 -226 -71 105 57 175 -33 -5 48 15 -201 -22 77 10 -47 147 -216 -241 -13 -249 123 235 54 198 194 -11 -101 5
TEST 2 ARG:-237 -78 118 -143 -133 -7 -66 -173 -80 -231 -177 -54 106 153 215 36 -67 -246 -22 230 22 -20 6 1 160 -85 -163 136 54 -157 249 154 120 48 159 -230 80 217 -183 -153 213 20 -71 150 -98 70 -62 158 86 63 59 67 -97 157 -180 -146 -167 248 25 -242 175 -9 33 196 64 210 -11 -185 -132 122 -128 207 -210 202 -29 -73 -112 -27 -113 -161 -137 55 238 57 17 -248 187 -118 -227 13 40 9 171 -127 85 -92 194 92 -52 -42 23 -119 144 82 190 192 -240 -134 69 126 61 71 -215 -194 45 39 -160 129 21 -109 -3 -30 -107 243 8 228 216 -208 -212 156 148 -99 -169 -200 73 -220 173 -193 145 152 177 -179 208 -152 172 5 -225 -168 51 -105 222 79 -104 180 219 -1 -144 10 -189 111 -211 218 -74 -96 19 113 -93 -228 236 231 -108 -232 -147 24 -190 178 -174 121 -17 -111 -136 -201 237 -123 -21 -38 -138 -154 -18 49 102 -101 -186 127 139 -2 -221 138 -59 -121 209 -81 116 -233 244 183 -155 -94 -191 -184 -76 88 -95 -14 -120 245 -60 176 -197 112 128 -75 179 29 181 -116 147 105 -103 -5 185 170 77 -55 198 91 -84 -250 -40 4 -33 104 165 -224 141 76 84 14 81 37 32 205 -86 -4 -223 130 225 -64 -51 212 -24 124 -50 -19 143 89 -151 35 -148 -25 134 -130 -6 -100 87 -126 247 3 -72 -87 94 -39 199 -226 -170 65 52 -63 -89 214 -43 31 -145 66 114 174 -196 -142 240 203 -69 204 -117 -83 -65 -88 125 78 -31 -45 149 -135 -26 -165 -199 -245 -243 161 109 -205 188 -140 -82 -91 -150 221 12 241 108 197 -222 166 223 -35 62 -182 -247 16 103 42 -8 60 169 53 242 232 -53 93 146 0 26 72 30 -176 234 -61 235 -13 74 -56 -36 -214 239 -46 58 117 -58 -79 -166 27 -156 43 233 -234 151 -217 137 -164 41 -213 -249 133 110 -10 -115 -41 201 2 -218 -12 211 195 -202 229 162 -178 -239 -219 75 -216 -187 -195 206 168 -28 -122 140 246 186 -192 7 -68 131 -129 193 119 164 -171 -162 -114 -175 -244 224 -37 100 -57 -23 226 -70 -229 -236 -149 -102 95 46 132 38 -77 189 -16 -139 -172 -198 -181 15 83 135 -131 -106 44 -188 220 47 -209 -90 34 -15 -159 18 -49 184 11 99 97 -235 167 -44 28 -125 163 123 -110 96 200 227 -141 191 182 115 -48 -32 -204 -203 -206 -158 142 -238 56 -124 -47 90 101 -207 98 155 68 -241 107 50 -34
TEST 2 ARG:-237 -78 118 -143 -133 -7 -66 -173 -80 -231 -177 -54 106 153 215 36 -67 -246 -22 230 22 -20 6 1 160 -85 -163 136 54 -157 249 154 120 48 159 -230 80 217 -183 -153 213 20 -71 150 -98 70 -62 158 86 63 59 67 -97 157 -180 -146 -167 248 25 -242 175 -9 33 196 64 210 -11 -185 -132 122 -128 207 -210 202 -29 -73 -112 -27 -113 -161 -137 55 238 57 17 -248 187 -118 -227 13 40 9 171 -127 85 -92 194 92 -52 -42 23 -119 144 82 190 192 -240 -134 69 126 61 71 -215 -194 45 39 -160 129 21 -109 -3 -30 -107 243 8 228 216 -208 -212 156 148 -99 -169 -200 73 -220 173 -193 145 152 177 -179 208 -152 172 5 -225 -168 51 -105 222 79 -104 180 219 -1 -144 10 -189 111 -211 218 -74 -96 19 113 -93 -228 236 231 -108 -232 -147 24 -190 178 -174 121 -17 -111 -136 -201 237 -123 -21 -38 -138 -154 -18 49 102 -101 -186 127 139 -2 -221 138 -59 -121 209 -81 116 -233 244 183 -155 -94 -191 -184 -76 88 -95 -14 -120 245 -60 176 -197 112 128 -75 179 29 181 -116 147 105 -103 -5 185 170 77 -55 198 91 -84 -250 -40 4 -33 104 165 -224 141 76 84 14 81 37 32 205 -86 -4 -223 130 225 -64 -51 212 -24 124 -50 -19 143 89 -151 35 -148 -25 134 -130 -6 -100 87 -126 247 3 -72 -87 94 -39 199 -226 -170 65 52 -63 -89 214 -43 31 -145 66 114 174 -196 -142 240 203 -69 204 -117 -83 -65 -88 125 78 -31 -45 149 -135 -26 -165 -199 -245 -243 161 109 -205 188 -140 -82 -91 -150 221 12 241 108 197 -222 166 223 -35 62 -182 -247 16 103 42 -8 60 169 53 242 232 -53 93 146 0 26 72 30 -176 234 -61 235 -13 74 -56 -36 -214 239 -46 58 117 -58 -79 -166 27 -156 43 233 -234 151 -217 137 -164 41 -213 -249 133 110 -10 -115 -41 201 2 -218 -12 211 195 -202 229 162 -178 -239 -219 75 -216 -187 -195 206 168 -28 -122 140 246 186 -192 7 -68 131 -129 193 119 164 -171 -162 -114 -175 -244 224 -37 100 -57 -23 226 -70 -229 -236 -149 -102 95 46 132 38 -77 189 -16 -139 -172 -198 -181 15 83 135 -131 -106 44 -188 220 47 -209 -90 34 -15 -159 18 -49 184 11 99 97 -235 167 -44 28 -125 163 123 -110 96 200 227 -141 191 182 115 -48 -32 -204 -203 -206 -158 142 -238 56 -124 -47 90 101 -207 98 155 68 -241 107 50 -34
TEST 3 ARG:33 -3 101 34 24 149 -221 39 40 -245 73 70 126 244 58 -165 -141 -126 150 38 246 217 -172 174 41 -21 152 -144 238 116 68 120 115 -142 -38 -196 -155 -39 229 223 -154 241 -1 204 -170 60 11 129 -116 25 -240 -244 -220 -235 83 -168 -200 243 -239 -236 163 -113 124 62 -85 53 -36 -137 19 -7 159 206 -241 -136 -53 -175 2 -43 -171 50 90 -209 86 184 -111 -79 64 216 -107 108 177 -14 -139 -187 -18 -177 100 198 221 -59 195 -214 4 155 143 102 186 249 -226 154 166 30 187 -68 -152 111 145 -13 -122 -37 89 113 -166 76 228 -75 192 -192 199 211 -138 -180 -61 -105 -179 225 -11 -173 -222 -31 45 15 -50 164 22 197 242 46 -246 179 -205 -63 171 48 -57 153 -135 -34 -185 -6 20 23 -194 -96 -133 -130 -193 -108 -80 -27 -94 160 -40 137 -228 -47 92 233 -104 -52 -223 -212 196 209 9 -124 135 -77 -29 -159 -84 -203 28 123 -189 -184 13 -64 138 -120 69 188 85 -88 -195 -178 -93 75 -20 -232 227 239 -109 35 47 148 -28 61 -49 -101 -62 106 -48 119 -118 0 -25 -33 42 -250 167 -150 -151 224 213 130 -45 170 -149 71 74 248 226 -51 -89 215 -56 -229 205 -127 -82 -145 66 -100 157 -129 67 200 210 -125 -103 -35 -114 -41 65 240 -181 -190 207 -140 -66 -169 -174 -238 78 189 51 -91 79 -206 208 -8 -74 -17 -230 72 -208 -112 173 231 110 -225 49 -156 99 175 140 -55 235 194 95 55 -227 -4 -46 -86 37 -160 117 82 -92 -157 -72 165 181 -44 -9 -10 7 144 -12 -60 109 142 -247 -58 158 234 -162 -182 94 -90 -99 93 -117 -224 237 81 146 -30 52 5 -132 -148 104 59 114 -233 182 12 147 -110 1 125 214 57 -73 -65 84 105 172 -131 -211 77 -69 -158 29 201 -134 -216 -204 232 183 -215 3 -201 -231 56 190 36 -242 91 31 -198 118 139 -97 80 193 -5 -15 10 -153 14 128 161 -219 97 -54 -167 -243 -191 136 -76 141 -237 17 -210 98 -199 -163 27 16 -16 169 203 -207 -123 -67 -42 212 -106 230 168 -213 -249 -128 -78 202 -183 -147 26 -218 103 218 -234 -83 219 -186 32 222 107 -24 132 -70 54 -143 43 -197 156 180 236 112 18 87 -32 176 -19 134 -217 96 44 -188 122 245 8 6 -161 178 -176 247 -202 -102 -81 -71 63 88 191 -95 185 151 131 133 -164 121 -87 -121 -2 -23 -98 -146 -115 127 162 -22 -26 21 -248 -119 220
TEST 3 ARG:33 -3 101 34 24 149 -221 39 40 -245 73 70 126 244 58 -165 -141 -126 150 38 246 217 -172 174 41 -21 152 -144 238 116 68 120 115 -142 -38 -196 -155 -39 229 223 -154 241 -1 204 -170 60 11 129 -116 25 -240 -244 -220 -235 83 -168 -200 243 -239 -236 163 -113 124 62 -85 53 -36 -137 19 -7 159 206 -241 -136 -53 -175 2 -43 -171 50 90 -209 86 184 -111 -79 64 216 -107 108 177 -14 -139 -187 -18 -177 100 198 221 -59 195 -214 4 155 143 102 186 249 -226 154 166 30 187 -68 -152 111 145 -13 -122 -37 89 113 -166 76 228 -75 192 -192 199 211 -138 -180 -61 -105 -179 225 -11 -173 -222 -31 45 15 -50 164 22 197 242 46 -246 179 -205 -63 171 48 -57 153 -135 -34 -185 -6 20 23 -194 -96 -133 -130 -193 -108 -80 -27 -94 160 -40 137 -228 -47 92 233 -104 -52 -223 -212 196 209 9 -124 135 -77 -29 -159 -84 -203 28 123 -189 -184 13 -64 138 -120 69 188 85 -88 -195 -178 -93 75 -20 -232 227 239 -109 35 47 148 -28 61 -49 -101 -62 106 -48 119 -118 0 -25 -33 42 -250 167 -150 -151 224 213 130 -45 170 -149 71 74 248 226 -51 -89 215 -56 -229 205 -127 -82 -145 66 -100 157 -129 67 200 210 -125 -103 -35 -114 -41 65 240 -181 -190 207 -140 -66 -169 -174 -238 78 189 51 -91 79 -206 208 -8 -74 -17 -230 72 -208 -112 173 231 110 -225 49 -156 99 175 140 -55 235 194 95 55 -227 -4 -46 -86 37 -160 117 82 -92 -157 -72 165 181 -44 -9 -10 7 144 -12 -60 109 142 -247 -58 158 234 -162 -182 94 -90 -99 93 -117 -224 237 81 146 -30 52 5 -132 -148 104 59 114 -233 182 12 147 -110 1 125 214 57 -73 -65 84 105 172 -131 -211 77 -69 -158 29 201 -134 -216 -204 232 183 -215 3 -201 -231 56 190 36 -242 91 31 -198 118 139 -97 80 193 -5 -15 10 -153 14 128 161 -219 97 -54 -167 -243 -191 136 -76 141 -237 17 -210 98 -199 -163 27 16 -16 169 203 -207 -123 -67 -42 212 -106 230 168 -213 -249 -128 -78 202 -183 -147 26 -218 103 218 -234 -83 219 -186 32 222 107 -24 132 -70 54 -143 43 -197 156 180 236 112 18 87 -32 176 -19 134 -217 96 44 -188 122 245 8 6 -161 178 -176 247 -202 -102 -81 -71 63 88 191 -95 185 151 131 133 -164 121 -87 -121 -2 -23 -98 -146 -115 127 162 -22 -26 21 -248 -119 220
TEST 4 ARG:-42 105 -199 -15 7 -22 118 -156 -140 -242 1 57 85 -59 180 198 212 -225 30 -236 -9 182 -61 28 50 172 -235 -222 131 121 167 230 6 -244 241 -45 -104 -190 202 -120 -162 -17 -193 120 137 149 -85 89 240 -164 -194 -151 -171 -137 51 78 -139 -134 -53 -18 107 138 -148 -48 -209 -175 54 8 -7 -74 219 -150 -161 -39 -246 10 62 45 231 -149 246 47 68 247 -80 20 221 -181 64 -184 -66 -129 165 -245 55 -221 58 200 -52 215 26 -204 193 112 14 44 -55 -6 -114 196 -124 237 -44 228 -29 -92 -223 72 -108 184 210 86 160 103 -130 -100 -167 -81 110 113 -36 -13 19 188 117 -179 -65 24 -31 189 -166 -8 -157 -89 143 229 43 -10 -136 -153 15 65 -180 53 -195 -118 -24 -33 208 -172 147 42 159 52 22 -218 -46 114 -232 161 199 -154 90 248 -111 -16 4 194 197 222 -159 128 74 -106 -192 95 -170 -135 -240 -165 192 232 -84 226 63 218 153 111 91 79 -143 -83 -131 -152 -20 217 209 21 -67 -132 -233 203 158 -38 67 130 18 134 169 36 -82 -112 225 -158 94 -227 170 -219 242 -243 -54 151 220 -63 133 -177 116 -107 195 179 -237 -71 -189 40 233 -178 -197 41 31 -102 -51 124 27 245 49 -121 46 -43 -79 109 135 -72 38 186 -169 175 16 152 185 -62 -212 -11 -145 -14 155 -215 -50 -173 -185 98 227 32 83 136 -87 244 -206 -168 164 -133 -47 -116 123 -109 -103 -231 -27 125 -138 171 -147 -96 -69 -241 -229 -49 235 144 106 -186 93 173 139 -163 -70 59 35 -105 181 156 141 -56 224 239 -99 145 -191 -97 -41 122 -126 -93 -88 -40 -174 -1 -28 -247 80 23 216 163 -117 -77 -123 -26 17 -12 -144 76 157 -58 37 -127 -78 -155 -207 104 -248 -64 81 92 82 -146 -214 213 -125 -98 154 69 207 -216 -198 73 223 -201 -210 2 -224 -203 12 206 -188 -128 61 56 190 -217 214 211 5 -183 0 -30 -115 -35 201 148 11 -3 187 -94 102 142 -208 -213 119 -196 243 -23 126 -230 -226 -182 204 -211 115 -34 87 205 -86 -60 -110 -113 -220 140 96 178 191 129 -68 127 -249 -187 33 146 -25 3 249 29 -205 13 -119 -142 -101 -21 -200 176 168 101 -239 132 71 -250 -90 25 234 88 99 -32 -5 97 84 -160 -176 -75 162 -95 -238 9 39 174 177 70 -228 166 -234 -202 238 236 -19 -4 -73 60 -122 77 34 -76 -91 150 183 -141 -57 -2 75 100 108 48 66 -37
TEST 4 ARG:-42 105 -199 -15 7 -22 118 -156 -140 -242 1 57 85 -59 180 198 212 -225 30 -236 -9 182 -61 28 50 172 -235 -222 131 121 167 230 6 -244 241 -45 -104 -190 202 -120 -162 -17 -193 120 137 149 -85 89 240 -164 -194 -151 -171 -137 51 78 -139 -134 -53 -18 107 138 -148 -48 -209 -175 54 8 -7 -74 219 -150 -161 -39 -246 10 62 45 231 -149 246 47 68 247 -80 20 221 -181 64 -184 -66 -129 165 -245 55 -221 58 200 -52 215 26 -204 193 112 14 44 -55 -6 -114 196 -124 237 -44 228 -29 -92 -223 72 -108 184 210 86 160 103 -130 -100 -167 -81 110 113 -36 -13 19 188 117 -179 -65 24 -31 189 -166 -8 -157 -89 143 229 43 -10 -136 -153 15 65 -180 53 -195 -118 -24 -33 208 -172 147 42 159 52 22 -218 -46 114 -232 161 199 -154 90 248 -111 -16 4 194 197 222 -159 128 74 -106 -192 95 -170 -135 -240 -165 192 232 -84 226 63 218 153 111 91 79 -143 -83 -131 -152 -20 217 209 21 -67 -132 -233 203 158 -38 67 130 18 134 169 36 -82 -112 225 -158 94 -227 170 -219 242 -243 -54 151 220 -63 133 -177 116 -107 195 179 -237 -71 -189 40 233 -178 -197 41 31 -102 -51 124 27 245 49 -121 46 -43 -79 109 135 -72 38 186 -169 175 16 152 185 -62 -212 -11 -145 -14 155 -215 -50 -173 -185 98 227 32 83 136 -87 244 -206 -168 164 -133 -47 -116 123 -109 -103 -231 -27 125 -138 171 -147 -96 -69 -241 -229 -49 235 144 106 -186 93 173 139 -163 -70 59 35 -105 181 156 141 -56 224 239 -99 145 -191 -97 -41 122 -126 -93 -88 -40 -174 -1 -28 -247 80 23 216 163 -117 -77 -123 -26 17 -12 -144 76 157 -58 37 -127 -78 -155 -207 104 -248 -64 81 92 82 -146 -214 213 -125 -98 154 69 207 -216 -198 73 223 -201 -210 2 -224 -203 12 206 -188 -128 61 56 190 -217 214 211 5 -183 0 -30 -115 -35 201 148 11 -3 187 -94 102 142 -208 -213 119 -196 243 -23 126 -230 -226 -182 204 -211 115 -34 87 205 -86 -60 -110 -113 -220 140 96 178 191 129 -68 127 -249 -187 33 146 -25 3 249 29 -205 13 -119 -142 -101 -21 -200 176 168 101 -239 132 71 -250 -90 25 234 88 99 -32 -5 97 84 -160 -176 -75 162 -95 -238 9 39 174 177 70 -228 166 -234 -202 238 236 -19 -4 -73 60 -122 77 34 -76 -91 150 183 -141 -57 -2 75 100 108 48 66 -37
TEST 5 ARG:-248 178 145 -133 137 212 -235 -115 51 210 -35 241 158 -89 58 -132 -231 138 167 -234 15 -88 19 208 150 -79 -93 -210 131 126 -64 -124 218 4 -230 -193 43 81 190 -68 143 -152 38 144 -41 -204 135 55 142 -208 -82 46 -205 209 200 -51 -247 -239 35 -106 128 -65 18 187 236 215 29 104 -105 -165 107 -85 -139 -2 3 -166 -141 233 111 168 -43 243 62 -40 24 -200 125 -31 -100 67 197 189 -30 247 96 -131 -95 199 -149 -213 32 -45 -103 -236 -99 161 -233 -185 -170 -6 68 -229 204 16 195 176 231 166 -48 194 -240 91 98 99 39 7 52 -18 34 229 -34 -12 -86 42 -195 71 66 -32 -158 -72 179 60 -98 -8 116 -175 41 -156 165 30 109 -57 221 -42 -169 -116 -66 -69 153 97 -138 -246 36 230 -228 -96 -4 -75 -50 246 -154 185 13 162 -3 207 -224 31 -136 -9 -55 23 86 177 -184 -49 -157 -130 -194 6 -22 -44 180 120 -11 170 -151 152 92 -14 124 205 -242 -13 222 198 -217 -1 25 140 -123 -104 130 100 -59 -24 151 56 20 149 157 -189 83 -145 184 -135 -212 102 9 244 -90 93 188 84 79 -7 -144 -80 227 228 -29 110 -16 94 132 -27 73 -215 -216 203 201 -71 -243 -222 -33 -202 115 -128 -10 95 245 -207 50 -25 5 108 -150 -56 -226 59 141 10 224 -218 54 65 72 -155 -176 173 -109 -244 -121 -60 49 -160 82 -146 -237 155 44 242 226 -125 148 183 -129 -118 57 2 -220 175 -107 -101 214 -140 196 182 -74 219 76 -221 171 8 -241 -161 -168 -148 225 -126 114 78 146 -73 101 85 -186 1 -250 -39 234 123 223 159 -84 -119 -102 -142 48 -238 -232 27 -147 -214 -198 -26 -38 156 -134 -112 -177 154 239 -76 136 113 -63 211 -52 202 -153 -108 45 -111 -92 206 -227 -122 240 69 220 21 -137 -5 235 248 63 74 -249 -199 -219 -28 174 118 129 133 -46 -78 14 -23 -87 238 -173 -91 -206 192 -201 77 147 75 26 193 -113 -188 -83 172 -225 -36 -97 169 -54 -114 163 134 12 -187 88 -120 -209 -171 0 40 -94 -159 119 -21 -117 -143 -245 -15 217 -178 -53 -192 -17 122 70 -20 -197 -172 -211 53 37 -203 121 87 -110 160 -19 105 164 -70 -162 112 -174 -179 47 103 -167 -191 17 80 237 -47 64 -37 216 106 -163 -164 -67 28 -81 186 117 -182 -190 -61 -196 -223 249 191 139 127 -183 61 232 -58 22 89 11 -181 213 90 -180 33 181 -77 -127 -62
TEST 5 ARG:-248 178 145 -133 137 212 -235 -115 51 210 -35 241 158 -89 58 -132 -231 138 167 -234 15 -88 19 208 150 -79 -93 -210 131 126 -64 -124 218 4 -230 -193 43 81 190 -68 143 -152 38 144 -41 -204 135 55 142 -208 -82 46 -205 209 200 -51 -247 -239 35 -106 128 -65 18 187 236 215 29 104 -105 -165 107 -85 -139 -2 3 -166 -141 233 111 168 -43 243 62 -40 24 -200 125 -31 -100 67 197 189 -30 247 96 -131 -95 199 -149 -213 32 -45 -103 -236 -99 161 -233 -185 -170 -6 68 -229 204 16 195 176 231 166 -48 194 -240 91 98 99 39 7 52 -18 34 229 -34 -12 -86 42 -195 71 66 -32 -158 -72 179 60 -98 -8 116 -175 41 -156 165 30 109 -57 221 -42 -169 -116 -66 -69 153 97 -138 -246 36 230 -228 -96 -4 -75 -50 246 -154 185 13 162 -3 207 -224 31 -136 -9 -55 23 86 177 -184 -49 -157 -130 -194 6 -22 -44 180 120 -11 170 -151 152 92 -14 124 205 -242 -13 222 198 -217 -1 25 140 -123 -104 130 100 -59 -24 151 56 20 149 157 -189 83 -145 184 -135 -212 102 9 244 -90 93 188 84 79 -7 -144 -80 227 228 -29 110 -16 94 132 -27 73 -215 -216 203 201 -71 -243 -222 -33 -202 115 -128 -10 95 245 -207 50 -25 5 108 -150 -56 -226 59 141 10 224 -218 54 65 72 -155 -176 173 -109 -244 -121 -60 49 -160 82 -146 -237 155 44 242 226 -125 148 183 -129 -118 57 2 -220 175 -107 -101 214 -140 196 182 -74 219 76 -221 171 8 -241 -161 -168 -148 225 -126 114 78 146 -73 101 85 -186 1 -250 -39 234 123 223 159 -84 -119 -102 -142 48 -238 -232 27 -147 -214 -198 -26 -38 156 -134 -112 -177 154 239 -76 136 113 -63 211 -52 202 -153 -108 45 -111 -92 206 -227 -122 240 69 220 21 -137 -5 235 248 63 74 -249 -199 -219 -28 174 118 129 133 -46 -78 14 -23 -87 238 -173 -91 -206 192 -201 77 147 75 26 193 -113 -188 -83 172 -225 -36 -97 169 -54 -114 163 134 12 -187 88 -120 -209 -171 0 40 -94 -159 119 -21 -117 -143 -245 -15 217 -178 -53 -192 -17 122 70 -20 -197 -172 -211 53 37 -203 121 87 -110 160 -19 105 164 -70 -162 112 -174 -179 47 103 -167 -191 17 80 237 -47 64 -37 216 106 -163 -164 -67 28 -81 186 117 -182 -190 -61 -196 -223 249 191 139 127 -183 61 232 -58 22 89 11 -181 213 90 -180 33 181 -77 -127 -62
TEST 6 ARG:-104 38 236 241 155 -141 -27 119 -158 -235 61 233 -178 35 -74 -148 -46 103 164 -96 -9 -22 42 6 -130 74 102 -140 147 -219 -52 -212 95 214 -102 196 2 141 -236 86 -19 125 17 -127 -221 -26 -163 -224 -124 -99 -188 248 246 111 -210 188 76 -119 53 144 -29 -173 234 -232 136 4 -241 100 -220 91 -137 93 22 25 120 -202 135 -61 -117 225 -209 -34 -90 -30 62 237 162 -154 15 -107 240 143 80 148 -50 5 -146 145 94 166 -176 -217 54 92 -126 -113 -60 -98 -79 -18 -164 117 97 106 204 -139 213 175 -94 7 -14 14 16 127 64 23 -92 -101 193 153 231 -83 58 13 -153 -42 88 99 -128 179 242 40 34 47 226 68 232 -248 149 -40 -84 -151 221 202 -192 12 249 -196 -2 44 -179 -155 150 -47 129 -49 -86 115 -223 -108 114 -180 198 -181 169 216 160 230 223 -122 -4 -56 209 133 218 156 -39 -31 -193 -144 176 -175 -28 9 124 245 203 -77 -43 -174 83 -169 55 -23 75 -182 85 -145 184 -80 165 -199 -24 27 -231 116 212 122 181 -218 -229 107 37 -75 -205 73 -121 244 -186 -170 8 67 192 -97 -242 -166 210 206 -76 -211 21 -162 -189 -134 -123 96 167 26 171 59 81 -15 190 -194 -247 118 -197 -44 -91 142 -142 172 -63 -112 222 -25 71 205 -133 207 121 -159 152 79 -116 -10 -161 -216 72 -37 46 18 -51 126 189 0 -66 239 -132 -150 178 227 -172 -95 -62 -70 84 109 -233 -177 60 -59 -64 -3 -32 -17 31 -58 224 -41 -20 -160 -54 41 -88 -138 -5 215 -203 -1 154 -118 36 -82 -55 70 78 -93 -187 -131 112 220 -226 -67 197 -227 -129 -125 -38 101 -237 89 51 173 104 -201 57 45 247 -53 -35 -185 -245 182 151 29 201 -78 128 50 -250 -105 159 146 52 32 -198 -225 48 49 229 -165 28 -21 -103 56 208 -120 -222 -156 19 -184 -48 -230 -106 24 43 82 -81 194 185 -204 219 108 -213 -57 -69 -206 -68 158 161 -239 183 137 -89 199 -168 10 243 -171 -6 -73 33 -234 -72 200 -207 -13 168 3 -109 -243 20 -16 -100 170 228 110 191 -215 66 139 30 -115 163 90 87 -200 -214 -8 -228 217 -208 -240 113 138 -114 -111 174 -190 -36 -152 11 -7 -136 69 -45 1 63 177 123 98 -195 -135 195 -33 77 -110 180 130 -71 -246 -183 -249 187 211 65 -244 -85 -65 -167 39 -149 157 -191 -11 -238 -12 238 186 -87 105 -157 134 -147 235 131 -143 132 140
TEST 6 ARG:-104 38 236 241 155 -141 -27 119 -158 -235 61 233 -178 35 -74 -148 -46 103 164 -96 -9 -22 42 6 -130 74 102 -140 147 -219 -52 -212 95 214 -102 196 2 141 -236 86 -19 125 17 -127 -221 -26 -163 -224 -124 -99 -188 248 246 111 -210 188 76 -119 53 144 -29 -173 234 -232 136 4 -241 100 -220 91 -137 93 22 25 120 -202 135 -61 -117 225 -209 -34 -90 -30 62 237 162 -154 15 -107 240 143 80 148 -50 5 -146 145 94 166 -176 -217 54 92 -126 -113 -60 -98 -79 -18 -164 117 97 106 204 -139 213 175 -94 7 -14 14 16 127 64 23 -92 -101 193 153 231 -83 58 13 -153 -42 88 99 -128 179 242 40 34 47 226 68 232 -248 149 -40 -84 -151 221 202 -192 12 249 -196 -2 44 -179 -155 150 -47 129 -49 -86 115 -223 -108 114 -180 198 -181 169 216 160 230 223 -122 -4 -56 209 133 218 156 -39 -31 -193 -144 176 -175 -28 9 124 245 203 -77 -43 -174 83 -169 55 -23 75 -182 85 -145 184 -80 165 -199 -24 27 -231 116 212 122 181 -218 -229 107 37 -75 -205 73 -121 244 -186 -170 8 67 192 -97 -242 -166 210 206 -76 -211 21 -162 -189 -134 -123 96 167 26 171 59 81 -15 190 -194 -247 118 -197 -44 -91 142 -142 172 -63 -112 222 -25 71 205 -133 207 121 -159 152 79 -116 -10 -161 -216 72 -37 46 18 -51 126 189 0 -66 239 -132 -150 178 227 -172 -95 -62 -70 84 109 -233 -177 60 -59 -64 -3 -32 -17 31 -58 224 -41 -20 -160 -54 41 -88 -138 -5 215 -203 -1 154 -118 36 -82 -55 70 78 -93 -187 -131 112 220 -226 -67 197 -227 -129 -125 -38 101 -237 89 51 173 104 -201 57 45 247 -53 -35 -185 -245 182 151 29 201 -78 128 50 -250 -105 159 146 52 32 -198 -225 48 49 229 -165 28 -21 -103 56 208 -120 -222 -156 19 -184 -48 -230 -106 24 43 82 -81 194 185 -204 219 108 -213 -57 -69 -206 -68 158 161 -239 183 137 -89 199 -168 10 243 -171 -6 -73 33 -234 -72 200 -207 -13 168 3 -109 -243 20 -16 -100 170 228 110 191 -215 66 139 30 -115 163 90 87 -200 -214 -8 -228 217 -208 -240 113 138 -114 -111 174 -190 -36 -152 11 -7 -136 69 -45 1 63 177 123 98 -195 -135 195 -33 77 -110 180 130 -71 -246 -183 -249 187 211 65 -244 -85 -65 -167 39 -149 157 -191 -11 -238 -12 238 186 -87 105 -157 134 -147 235 131 -143 132 140
TEST 7 ARG:-3 -83 208 83 -53 -70 -2 -110 -184 182 -169 80 -225 -249 -158 0 -19 101 -174 -228 66 -47 37 116 -198 -163 -5 193 6 142 -232 217 20 -60 -72 204 11 -101 -105 -49 201 -219 52 225 -116 119 15 88 1 -10 -39 120 -46 67 173 180 44 100 -234 -164 51 -182 99 -125 -157 -142 -17 -57 103 -51 90 -155 -97 137 227 -250 60 -93 -73 162 -50 -104 77 -162 -215 -175 220 -210 -239 -21 -186 68 237 -242 -224 93 -38 98 158 -229 27 3 -24 -41 8 154 -103 -40 64 -62 146 -75 -106 128 -135 -113 -245 42 186 -244 157 76 -11 -167 -147 -226 19 43 -221 148 -233 187 248 -192 81 165 -43 -153 213 -88 -68 140 16 -78 239 -23 89 -132 114 -4 121 218 56 214 87 47 41 -201 113 -227 -207 -241 -111 205 249 71 -31 150 -120 48 235 230 95 55 36 144 -213 -191 69 -33 -146 -54 -187 -220 -179 30 -170 -96 46 5 86 -64 -193 139 111 61 136 145 35 197 -173 -100 -214 -71 -16 143 4 -206 -138 170 -69 -131 70 231 -94 138 34 49 -149 151 -108 -168 50 -123 45 -216 179 -89 141 85 -183 -61 -28 110 -18 -189 22 191 -145 200 149 -130 -121 91 112 -127 226 -222 189 -238 58 -48 -231 172 -204 -209 -35 75 246 78 -143 115 -188 62 92 -52 -235 244 202 -122 -185 -7 2 209 10 -76 54 -112 130 228 132 -139 25 -25 -74 28 57 -190 -141 -67 -171 245 14 -22 -159 216 -26 188 18 185 63 -243 -117 -129 17 -80 -197 26 210 -32 -172 192 9 -44 219 166 -65 -196 240 -59 -115 -151 -86 -203 211 -200 -194 -176 73 -148 126 169 183 -152 198 203 -134 -91 -81 -180 -165 -8 236 -79 161 79 -84 -150 164 97 -34 23 -45 -161 -211 224 174 -95 178 -6 -240 74 133 229 190 241 175 -92 104 -205 -87 65 153 7 -13 105 223 39 -154 -118 -37 -1 124 207 84 199 206 -102 106 -166 122 238 131 243 -218 -27 163 -247 82 155 94 -56 38 -236 222 -82 212 156 -181 108 -29 196 13 -237 127 221 117 72 29 -136 135 -223 232 -58 152 -178 12 123 147 -144 -107 59 171 181 -212 176 -85 -77 109 31 -36 -160 233 242 -42 -12 -195 -55 -20 24 53 129 -137 -98 -133 -114 -90 177 -99 -199 234 -109 247 -119 184 96 168 107 21 159 194 40 118 125 -202 102 160 -124 -217 -208 195 215 -156 134 -248 -15 -30 -246 -128 -63 32 -126 33 -177 167 -230 -9 -14 -66 -140
TEST 7 ARG:-3 -83 208 83 -53 -70 -2 -110 -184 182 -169 80 -225 -249 -158 0 -19 101 -174 -228 66 -47 37 116 -198 -163 -5 193 6 142 -232 217 20 -60 -72 204 11 -101 -105 -49 201 -219 52 225 -116 119 15 88 1 -10 -39 120 -46 67 173 180 44 100 -234 -164 51 -182 99 -125 -157 -142 -17 -57 103 -51 90 -155 -97 137 227 -250 60 -93 -73 162 -50 -104 77 -162 -215 -175 220 -210 -239 -21 -186 68 237 -242 -224 93 -38 98 158 -229 27 3 -24 -41 8 154 -103 -40 64 -62 146 -75 -106 128 -135 -113 -245 42 186 -244 157 76 -11 -167 -147 -226 19 43 -221 148 -233 187 248 -192 81 165 -43 -153 213 -88 -68 140 16 -78 239 -23 89 -132 114 -4 121 218 56 214 87 47 41 -201 113 -227 -207 -241 -111 205 249 71 -31 150 -120 48 235 230 95 55 36 144 -213 -191 69 -33 -146 -54 -187 -220 -179 30 -170 -96 46 5 86 -64 -193 139 111 61 136 145 35 197 -173 -100 -214 -71 -16 143 4 -206 -138 170 -69 -131 70 231 -94 138 34 49 -149 151 -108 -168 50 -123 45 -216 179 -89 141 85 -183 -61 -28 110 -18 -189 22 191 -145 200 149 -130 -121 91 112 -127 226 -222 189 -238 58 -48 -231 172 -204 -209 -35 75 246 78 -143 115 -188 62 92 -52 -235 244 202 -122 -185 -7 2 209 10 -76 54 -112 130 228 132 -139 25 -25 -74 28 57 -190 -141 -67 -171 245 14 -22 -159 216 -26 188 18 185 63 -243 -117 -129 17 -80 -197 26 210 -32 -172 192 9 -44 219 166 -65 -196 240 -59 -115 -151 -86 -203 211 -200 -194 -176 73 -148 126 169 183 -152 198 203 -134 -91 -81 -180 -165 -8 236 -79 161 79 -84 -150 164 97 -34 23 -45 -161 -211 224 174 -95 178 -6 -240 74 133 229 190 241 175 -92 104 -205 -87 65 153 7 -13 105 223 39 -154 -118 -37 -1 124 207 84 199 206 -102 106 -166 122 238 131 243 -218 -27 163 -247 82 155 94 -56 38 -236 222 -82 212 156 -181 108 -29 196 13 -237 127 221 117 72 29 -136 135 -223 232 -58 152 -178 12 123 147 -144 -107 59 171 181 -212 176 -85 -77 109 31 -36 -160 233 242 -42 -12 -195 -55 -20 24 53 129 -137 -98 -133 -114 -90 177 -99 -199 234 -109 247 -119 184 96 168 107 21 159 194 40 118 125 -202 102 160 -124 -217 -208 195 215 -156 134 -248 -15 -30 -246 -128 -63 32 -126 33 -177 167 -230 -9 -14 -66 -140
TEST 8 ARG:185 134 92 96 -27 247 34 -185 -40 128 -245 -139 103 -149 -225 43 -130 0 -242 139 127 -73 62 -144 -187 119 -234 46 65 93 -190 172 28 174 24 -136 -21 -3 -132 133 -101 -186 233 208 -89 -56 -79 -229 112 44 124 142 239 -74 -129 70 102 -81 230 235 -82 -148 228 13 -68 210 -37 7 -177 49 -33 -117 -119 107 -155 -193 -120 23 -238 114 -51 -197 186 178 -92 54 -164 189 -178 194 -237 47 156 -30 219 -134 144 -108 115 158 -247 -90 244 -157 232 167 -4 150 56 205 61 -170 59 -199 -213 101 -123 195 -109 237 -201 14 200 162 75 -16 135 140 42 -184 -163 181 163 -158 -239 246 -174 -113 -22 -206 -202 211 -236 -43 -72 -71 -41 -154 -165 50 -112 3 41 -212 -1 12 196 201 -124 -24 -28 183 149 212 218 -171 -10 191 190 -208 31 67 240 -204 -121 -133 78 120 141 -8 -195 19 -85 -223 -243 129 108 -63 38 -87 -39 -70 -91 130 45 249 169 -53 21 85 -167 80 -188 64 179 40 -246 145 -47 -175 126 -226 -17 82 -118 37 202 -146 -182 161 -6 51 -12 81 -137 -244 -11 -224 -241 100 18 -114 -38 33 -107 -145 221 -36 -126 -227 48 -143 77 184 39 97 4 -35 -150 -64 20 95 -122 -105 193 -203 -78 207 -183 -26 166 -194 155 -216 29 225 -104 32 -160 110 222 -54 -29 -57 177 76 -156 -80 2 25 -248 -94 -218 84 -5 -31 -181 -45 209 -142 -69 111 153 168 -214 231 106 74 -84 -19 -61 224 60 -115 116 99 176 -48 199 -14 30 71 188 -100 206 -159 -161 226 227 -83 -162 204 -192 -250 147 1 -222 55 -18 241 22 187 -66 182 -152 170 -249 -211 -44 -128 132 217 6 73 215 -131 125 -95 109 197 157 175 -110 -205 -198 -235 86 27 72 58 -172 138 -231 -67 90 220 57 -50 -176 -58 151 -62 -228 -42 -215 36 -106 -151 79 -111 5 104 236 113 229 87 213 63 52 69 66 98 53 -116 -99 68 -135 223 -141 94 105 137 122 136 -125 -196 -15 243 -210 -60 -219 -140 16 -102 234 -169 214 91 89 216 242 -147 118 88 17 10 -189 146 -75 180 -97 173 171 -93 15 198 -220 159 -168 121 -96 -153 -34 -9 -166 -59 -49 165 164 -23 -46 238 -77 -221 245 203 -103 8 -240 -65 248 143 -20 152 -230 -88 -55 -52 -232 192 26 131 -2 -76 -207 154 -200 117 -217 -25 -180 148 -127 9 -7 160 -209 -191 -86 11 -138 -13 -173 35 83 -233 -32 -179 123 -98
TEST 8 ARG:185 134 92 96 -27 247 34 -185 -40 128 -245 -139 103 -149 -225 43 -130 0 -242 139 127 -73 62 -144 -187 119 -234 46 65 93 -190 172 28 174 24 -136 -21 -3 -132 133 -101 -186 233 208 -89 -56 -79 -229 112 44 124 142 239 -74 -129 70 102 -81 230 235 -82 -148 228 13 -68 210 -37 7 -177 49 -33 -117 -119 107 -155 -193 -120 23 -238 114 -51 -197 186 178 -92 54 -164 189 -178 194 -237 47 156 -30 219 -134 144 -108 115 158 -247 -90 244 -157 232 167 -4 150 56 205 61 -170 59 -199 -213 101 -123 195 -109 237 -201 14 200 162 75 -16 135 140 42 -184 -163 181 163 -158 -239 246 -174 -113 -22 -206 -202 211 -236 -43 -72 -71 -41 -154 -165 50 -112 3 41 -212 -1 12 196 201 -124 -24 -28 183 149 212 218 -171 -10 191 190 -208 31 67 240 -204 -121 -133 78 120 141 -8 -195 19 -85 -223 -243 129 108 -63 38 -87 -39 -70 -91 130 45 249 169 -53 21 85 -167 80 -188 64 179 40 -246 145 -47 -175 126 -226 -17 82 -118 37 202 -146 -182 161 -6 51 -12 81 -137 -244 -11 -224 -241 100 18 -114 -38 33 -107 -145 221 -36 -126 -227 48 -143 77 184 39 97 4 -35 -150 -64 20 95 -122 -105 193 -203 -78 207 -183 -26 166 -194 155 -216 29 225 -104 32 -160 110 222 -54 -29 -57 177 76 -156 -80 2 25 -248 -94 -218 84 -5 -31 -181 -45 209 -142 -69 111 153 168 -214 231 106 74 -84 -19 -61 224 60 -115 116 99 176 -48 199 -14 30 71 188 -100 206 -159 -161 226 227 -83 -162 204 -192 -250 147 1 -222 55 -18 241 22 187 -66 182 -152 170 -249 -211 -44 -128 132 217 6 73 215 -131 125 -95 109 197 157 175 -110 -205 -198 -235 86 27 72 58 -172 138 -231 -67 90 220 57 -50 -176 -58 151 -62 -228 -42 -215 36 -106 -151 79 -111 5 104 236 113 229 87 213 63 52 69 66 98 53 -116 -99 68 -135 223 -141 94 105 137 122 136 -125 -196 -15 243 -210 -60 -219 -140 16 -102 234 -169 214 91 89 216 242 -147 118 88 17 10 -189 146 -75 180 -97 173 171 -93 15 198 -220 159 -168 121 -96 -153 -34 -9 -166 -59 -49 165 164 -23 -46 238 -77 -221 245 203 -103 8 -240 -65 248 143 -20 152 -230 -88 -55 -52 -232 192 26 131 -2 -76 -207 154 -200 117 -217 -25 -180 148 -127 9 -7 160 -209 -191 -86 11 -138 -13 -173 35 83 -233 -32 -179 123 -98
TEST 9 ARG:-244 196 -96 -62 -192 -102 -213 -155 230 -178 -107 25 -3 174 -19 -93 13 57 -90 -114 -88 142 -245 -89 8 -98 -158 75 -30 106 65 210 -166 11 31 -186 17 -68 -51 99 -127 -242 -15 167 -8 -86 28 -117 58 211 -81 -50 89 186 30 -197 -246 38 233 41 -80 84 119 -159 -247 124 217 181 -203 105 1 -139 -150 176 -58 -145 -167 -95 188 126 125 215 35 -206 -144 -45 239 26 243 198 -60 85 -34 218 -2 102 16 141 12 -42 -223 192 204 154 5 173 110 -41 -37 -164 24 43 42 32 100 -120 223 237 108 47 -169 -101 246 -232 72 202 232 -243 51 95 -207 -227 0 2 -171 -231 145 -176 20 -12 -6 -64 224 -11 165 -238 -217 -72 -112 4 -184 -131 206 -100 131 111 -122 151 140 -185 92 -198 162 221 52 54 -201 -248 -66 -151 -210 191 -109 242 -71 116 -53 -125 69 138 201 156 207 -152 77 88 -38 -69 -25 -226 -1 -94 60 -23 -85 -78 194 -214 -73 163 -156 -31 -14 -236 -119 -91 -168 153 -235 15 148 53 97 -39 -115 87 -17 143 -77 -194 86 -54 -18 79 -134 189 -249 -165 -183 29 -129 222 -43 146 130 -205 -84 228 118 -195 240 193 -190 -106 -220 -239 -200 -188 128 -99 -219 120 61 -87 -162 135 -103 123 27 -29 -240 18 -108 -170 137 3 -250 208 171 -216 187 -175 34 78 -237 -20 -140 -75 213 172 160 -4 147 225 -230 22 -202 -228 45 -160 231 -229 48 -67 103 114 -172 -79 179 112 68 134 -83 -137 -187 -126 -225 -52 248 39 40 -28 -48 -74 -141 158 -132 -123 -218 -92 82 90 -82 81 -215 -116 -153 197 104 -241 -154 195 -110 -22 -27 -24 175 -70 23 183 33 98 -193 219 70 -32 -209 157 117 21 180 -179 205 159 62 91 46 -13 -21 -221 -97 14 96 190 56 101 241 -128 -177 -10 83 109 235 164 -104 -111 226 -208 209 214 -124 -36 -204 249 -199 76 -76 -234 -35 -148 80 122 -135 -212 67 -130 55 74 139 -63 -65 132 -113 -224 19 -147 -211 115 -61 -174 -233 94 7 9 37 -33 -161 136 -189 -56 50 -44 -146 161 236 -7 -57 227 107 63 155 152 229 144 -180 -49 -40 121 -149 6 -133 -181 -26 200 170 -5 199 -59 177 -47 -143 182 -191 49 -157 150 44 216 -142 66 168 234 -55 -46 -121 -118 -182 -222 10 238 129 178 113 149 64 244 -136 166 -173 -16 -138 -163 36 169 93 73 71 -105 220 245 212 247 185 203 -196 184 -9 133 127 59
TEST 9 ARG:-244 196 -96 -62 -192 -102 -213 -155 230 -178 -107 25 -3 174 -19 -93 13 57 -90 -114 -88 142 -245 -89 8 -98 -158 75 -30 106 65 210 -166 11 31 -186 17 -68 -51 99 -127 -242 -15 167 -8 -86 28 -117 58 211 -81 -50 89 186 30 -197 -246 38 233 41 -80 84 119 -159 -247 124 217 181 -203 105 1 -139 -150 176 -58 -145 -167 -95 188 126 125 215 35 -206 -144 -45 239 26 243 198 -60 85 -34 218 -2 102 16 141 12 -42 -223 192 204 154 5 173 110 -41 -37 -164 24 43 42 32 100 -120 223 237 108 47 -169 -101 246 -232 72 202 232 -243 51 95 -207 -227 0 2 -171 -231 145 -176 20 -12 -6 -64 224 -11 165 -238 -217 -72 -112 4 -184 -131 206 -100 131 111 -122 151 140 -185 92 -198 162 221 52 54 -201 -248 -66 -151 -210 191 -109 242 -71 116 -53 -125 69 138 201 156 207 -152 77 88 -38 -69 -25 -226 -1 -94 60 -23 -85 -78 194 -214 -73 163 -156 -31 -14 -236 -119 -91 -168 153 -235 15 148 53 97 -39 -115 87 -17 143 -77 -194 86 -54 -18 79 -134 189 -249 -165 -183 29 -129 222 -43 146 130 -205 -84 228 118 -195 240 193 -190 -106 -220 -239 -200 -188 128 -99 -219 120 61 -87 -162 135 -103 123 27 -29 -240 18 -108 -170 137 3 -250 208 171 -216 187 -175 34 78 -237 -20 -140 -75 213 172 160 -4 147 225 -230 22 -202 -228 45 -160 231 -229 48 -67 103 114 -172 -79 179 112 68 134 -83 -137 -187 -126 -225 -52 248 39 40 -28 -48 -74 -141 158 -132 -123 -218 -92 82 90 -82 81 -215 -116 -153 197 104 -241 -154 195 -110 -22 -27 -24 175 -70 23 183 33 98 -193 219 70 -32 -209 157 117 21 180 -179 205 159 62 91 46 -13 -21 -221 -97 14 96 190 56 101 241 -128 -177 -10 83 109 235 164 -104 -111 226 -208 209 214 -124 -36 -204 249 -199 76 -76 -234 -35 -148 80 122 -135 -212 67 -130 55 74 139 -63 -65 132 -113 -224 19 -147 -211 115 -61 -174 -233 94 7 9 37 -33 -161 136 -189 -56 50 -44 -146 161 236 -7 -57 227 107 63 155 152 229 144 -180 -49 -40 121 -149 6 -133 -181 -26 200 170 -5 199 -59 177 -47 -143 182 -191 49 -157 150 44 216 -142 66 168 234 -55 -46 -121 -118 -182 -222 10 238 129 178 113 149 64 244 -136 166 -173 -16 -138 -163 36 169 93 73 71 -105 220 245 212 247 185 203 -196 184 -9 133 127 59
TEST 10 ARG:-126 -36 -93 108 -56 189 -224 -144 91 -133 197 -155 172 -83 82 23 -23 -171 185 211 -116 -185 -39 224 -206 85 -174 -124 -204 -70 -165 157 92 -160 -135 5 -166 -104 171 14 38 -115 103 -108 53 -120 -245 163 -109 -89 -221 79 227 196 -164 240 -105 -33 -140 -1 -225 7 57 36 208 -117 132 242 -130 25 134 -181 -220 -158 239 241 -22 45 156 -96 71 -92 -50 148 109 33 -18 -230 -51 16 -199 -161 32 -102 68 -59 -13 -8 168 229 232 233 56 -75 -231 -142 -32 217 -37 44 -219 -80 -213 52 76 -55 -65 -195 84 222 -49 69 192 -26 228 59 202 -11 -19 206 70 -60 191 144 -125 37 248 174 -15 210 237 -76 243 -53 58 -247 106 73 146 -14 -111 175 230 -94 -7 74 110 -64 -91 -169 -200 170 152 -237 21 -110 173 126 -3 178 215 -143 115 -9 -17 31 62 -146 83 -31 -114 3 135 111 169 -179 145 219 -152 -211 113 105 28 116 0 187 -71 161 151 183 26 49 -10 -47 -54 -173 -246 17 6 -228 153 67 143 63 -25 -150 -188 -88 -99 72 120 -207 -107 -233 -77 -85 60 -148 -194 -62 78 -248 138 -170 133 -16 35 209 -250 -183 -61 131 -205 27 -66 1 188 214 -212 66 -156 -21 -48 -223 -243 54 -129 -123 -239 -186 101 129 -139 10 -69 218 181 -29 -249 -119 -232 -45 149 -128 43 -182 -226 -121 220 -112 86 -191 24 159 -157 200 141 167 128 9 -44 13 90 179 46 236 -40 15 -177 -218 226 11 205 -162 39 55 112 -68 -215 225 2 -192 204 -167 -190 127 -127 193 -131 -38 -79 184 -97 -208 -138 201 -100 198 -210 245 34 139 -163 4 -35 -172 -229 124 -20 182 122 102 -153 -147 -214 -103 77 -58 -154 -151 12 212 238 -24 -41 118 -4 165 -184 -5 244 -236 51 -209 -202 -134 -12 -6 207 100 -240 231 -198 -118 22 -175 162 -72 20 87 64 -242 -244 150 203 -141 -98 142 -74 8 180 235 30 -227 123 19 -178 -90 -159 -84 249 216 89 -34 125 -52 114 -203 246 -63 -73 -197 -201 93 -86 -217 158 98 -180 -145 97 -113 48 -46 -43 96 104 -241 -176 121 -196 -193 234 -27 -42 117 40 29 195 130 190 164 94 -106 -30 -132 221 47 65 186 -216 140 -222 -136 247 42 80 -87 -28 18 119 154 223 -149 -122 -2 160 -67 213 177 -168 155 107 -81 -82 176 95 194 41 99 166 147 50 -238 88 -137 -187 61 -101 -78 -95 -235 -57 75 199 136 -189 137 -234 81
TEST 10 ARG:-126 -36 -93 108 -56 189 -224 -144 91 -133 197 -155 172 -83 82 23 -23 -171 185 211 -116 -185 -39 224 -206 85 -174 -124 -204 -70 -165 157 92 -160 -135 5 -166 -104 171 14 38 -115 103 -108 53 -120 -245 163 -109 -89 -221 79 227 196 -164 240 -105 -33 -140 -1 -225 7 57 36 208 -117 132 242 -130 25 134 -181 -220 -158 239 241 -22 45 156 -96 71 -92 -50 148 109 33 -18 -230 -51 16 -199 -161 32 -102 68 -59 -13 -8 168 229 232 233 56 -75 -231 -142 -32 217 -37 44 -219 -80 -213 52 76 -55 -65 -195 84 222 -49 69 192 -26 228 59 202 -11 -19 206 70 -60 191 144 -125 37 248 174 -15 210 237 -76 243 -53 58 -247 106 73 146 -14 -111 175 230 -94 -7 74 110 -64 -91 -169 -200 170 152 -237 21 -110 173 126 -3 178 215 -143 115 -9 -17 31 62 -146 83 -31 -114 3 135 111 169 -179 145 219 -152 -211 113 105 28 116 0 187 -71 161 151 183 26 49 -10 -47 -54 -173 -246 17 6 -228 153 67 143 63 -25 -150 -188 -88 -99 72 120 -207 -107 -233 -77 -85 60 -148 -194 -62 78 -248 138 -170 133 -16 35 209 -250 -183 -61 131 -205 27 -66 1 188 214 -212 66 -156 -21 -48 -223 -243 54 -129 -123 -239 -186 101 129 -139 10 -69 218 181 -29 -249 -119 -232 -45 149 -128 43 -182 -226 -121 220 -112 86 -191 24 159 -157 200 141 167 128 9 -44 13 90 179 46 236 -40 15 -177 -218 226 11 205 -162 39 55 112 -68 -215 225 2 -192 204 -167 -190 127 -127 193 -131 -38 -79 184 -97 -208 -138 201 -100 198 -210 245 34 139 -163 4 -35 -172 -229 124 -20 182 122 102 -153 -147 -214 -103 77 -58 -154 -151 12 212 238 -24 -41 118 -4 165 -184 -5 244 -236 51 -209 -202 -134 -12 -6 207 100 -240 231 -198 -118 22 -175 162 -72 20 87 64 -242 -244 150 203 -141 -98 142 -74 8 180 235 30 -227 123 19 -178 -90 -159 -84 249 216 89 -34 125 -52 114 -203 246 -63 -73 -197 -201 93 -86 -217 158 98 -180 -145 97 -113 48 -46 -43 96 104 -241 -176 121 -196 -193 234 -27 -42 117 40 29 195 130 190 164 94 -106 -30 -132 221 47 65 186 -216 140 -222 -136 247 42 80 -87 -28 18 119 154 223 -149 -122 -2 160 -67 213 177 -168 155 107 -81 -82 176 95 194 41 99 166 147 50 -238 88 -137 -187 61 -101 -78 -95 -235 -57 75 199 136 -189 137 -234 81
All size test
